0 0.156114 0.284180 0.209887 0.138672
0 0.310928 0.684326 0.169124 0.137207
0 0.121856 0.721436 0.177797 0.160645
0 0.565915 0.799805 0.162186 0.114258
0 0.466609 0.510254 0.187337 0.105469
0 0.408500 0.361084 0.180399 0.151855
0 0.332611 0.480469 0.184735 0.110352
0 0.549870 0.420166 0.116219 0.074707
0 0.679965 0.437744 0.152645 0.091309
0 0.787944 0.354736 0.141370 0.095215
0 0.633998 0.341797 0.143972 0.102539
0 0.686904 0.262695 0.143972 0.109375
0 0.816565 0.256836 0.098005 0.097656
0 0.932350 0.250488 0.123157 0.092773
0 0.854293 0.449707 0.145707 0.084961
0 0.749350 0.536377 0.109280 0.091309
0 0.664788 0.602051 0.132697 0.106445
