0 0.047702 0.222412 0.093669 0.095215
0 0.186904 0.557129 0.143105 0.096680
0 0.065915 0.552002 0.116219 0.106934
0 0.449263 0.725830 0.157849 0.092285
0 0.279271 0.426758 0.154380 0.064453
0 0.235906 0.298096 0.168257 0.103027
0 0.179965 0.394287 0.148309 0.087402
0 0.475716 0.402832 0.191674 0.101562
0 0.337381 0.372559 0.088465 0.069336
0 0.435820 0.300049 0.170859 0.088379
0 0.634432 0.315918 0.170859 0.097656
0 0.511275 0.212158 0.148309 0.087402
0 0.661752 0.219238 0.143972 0.106445
0 0.837381 0.202881 0.240243 0.100098
0 0.498265 0.561523 0.118820 0.105469
0 0.598873 0.509521 0.150043 0.114746
0 0.720729 0.439941 0.166522 0.122070
