0 0.126193 0.265381 0.183001 0.099121
0 0.266696 0.571045 0.153513 0.099121
0 0.114918 0.579590 0.150043 0.105469
0 0.500867 0.706055 0.155247 0.088867
0 0.385516 0.440186 0.134432 0.067871
0 0.342151 0.321289 0.162186 0.100586
0 0.288378 0.413086 0.169124 0.073242
0 0.457069 0.394531 0.137034 0.077148
0 0.585863 0.399658 0.144840 0.071777
0 0.542931 0.325195 0.145707 0.077148
0 0.601908 0.250732 0.161318 0.070801
0 0.705984 0.327393 0.135299 0.068848
0 0.741110 0.251709 0.125759 0.072754
0 0.877277 0.242432 0.120555 0.068848
0 0.776670 0.418213 0.136167 0.083496
0 0.687337 0.488281 0.136167 0.083984
0 0.578925 0.533936 0.127493 0.092285
