0 0.300954 0.560791 0.197745 0.116699
0 0.135733 0.568604 0.177797 0.104004
0 0.584128 0.817871 0.235039 0.150391
0 0.405030 0.366699 0.201214 0.073242
0 0.393322 0.223145 0.205551 0.142578
0 0.194709 0.168213 0.177797 0.107910
0 0.326973 0.365479 0.159584 0.127441
0 0.653513 0.555176 0.191674 0.143555
0 0.819167 0.457520 0.170859 0.146484
0 0.911101 0.332275 0.177797 0.124512
0 0.683435 0.297607 0.209887 0.099121
0 0.523417 0.320068 0.183001 0.136230
0 0.618387 0.202393 0.208153 0.124512
0 0.848656 0.190186 0.248916 0.144043
0 0.717259 0.085449 0.209887 0.119141
0 0.898526 0.069336 0.202949 0.130859
