0 0.105811 0.366211 0.209887 0.236328
0 0.186470 0.828857 0.275802 0.159668
0 0.391154 0.730469 0.218560 0.147461
0 0.595403 0.753662 0.176062 0.111816
0 0.662619 0.569336 0.137034 0.130859
0 0.478751 0.531250 0.194276 0.134766
0 0.306592 0.530518 0.200347 0.156738
0 0.356895 0.391357 0.241977 0.206543
0 0.594536 0.298828 0.191674 0.155273
0 0.650043 0.401123 0.153513 0.107910
0 0.820035 0.370850 0.191674 0.119629
0 0.723330 0.464600 0.166522 0.135254
0 0.745880 0.256348 0.152645 0.134766
0 0.624892 0.155029 0.156982 0.132324
0 0.743712 0.136963 0.148309 0.155762
0 0.902428 0.104980 0.169124 0.142578
